spawns = ((-13.099593, 2.000000, 13.605046),(16.344669, 2.000038, 8.470561),(10.120040, 2.000064, 0.821503),(-12.456081, 1.999999, -15.165758),(14.206538, 1.999990, -24.295322),(15.238134, 1.999771, -5.571481))
items = ((0.000000, 0.1, -0.500000),(-18.728706, 0.1, 40.384892), (19.210939, 0.1, -41.188763), (3.710281, 0.1, -12.783842))
